94
140
224
520
579
607
699
1598
1642
1819
2079
2091
2098
3139
3939
4243
4648
4926
4974
5133
5775
6098
6838
6842
7247
7366
7892
7950
9352
9683
9688
9919
9952
10208
10415
10691
11199
11251
11471
11847
11912
12208
12577
12595
12634
12723
12834
12905
12983
13116
13273
13723
13802
14488
14723
15404
15677
15714
16082
16309
16549
16710
17027
17209
17303
18299
18679
18896
19251
19622
19866
20122
21029
21076
21875
21888
22654
22821
22952
23142
23468
23732
23979
24439
24691
24762
24815
24855
24991
25652
26226
26799
27224
27785
27889
28217
28221
28296
28476
28500
29776
30035
30297
30527
30907
31236
31329
31767
31867
31963
32060
32075
32257
32281
32505
33223
33354
33579
33651
33972
34332
34864
35307
35574
35746
35997
36092
36324
36396
36591
36856
36862
37595
37631
38131
38145
38215
38544
38551
38780
38874
39030
39489
40310
40479
40680
40828
41100
41886
41982
42087
42364
43013
43054
43593
44265
44397
44448
45404
45507
45671
46702
46883
46890
46942
47384
47681
48018
48177
48307
48915
49009
49203
49381
49451
49617
50032
50178
50418
50503
50518
50574
50750
52632
53511
53519
53744
53961
54253
54819
55229
55535
55562
55920
55992
56200
56459
57234
57299
57820
58007
58251
60577
60660
60929
60965
60971
61093
61362
61561
61692
61829
62022
62175
62720
64805
64844
65238
65284
65767
66059
66063
66078
66479
67046
68036
68355
68527
68947
69634
69711
69964
70438
70649
70950
71362
71539
71676
71806
71903
71905
72464
72648
72794
73021
73135
73253
74046
74614
75033
75276
75353
75953
76278
76361
76605
76638
77086
77126
77776
79767
79884
79979
80657
80795
80907
81031
81485
82412
82688
82699
82922
83688
84024
84236
85320
85645
85828
86227
86727
87543
88006
88305
88738
88786
89072
89183
90319
90618
91547
91612
91759
92309
92343
92417
93109
93246
93377
93520
93596
93623
93816
93876
94042
94248
94595
94649
94815
95027
95142
95356
95696
95703
96041
96185
96250
96589
96761
97131
97304
97480
97562
97732
97947
98304
98379
98972
99898
99967
100069
100903
102072
102980
103260
103351
103877
104043
104214
104332
104783
104902
105293
105391
105966
106136
106364
106665
107354
107824
107841
108199
108844
108862
109382
109806
110492
110536
110551
110894
111474
111656
111984
112202
112345
112498
112556
112687
113006
113042
113353
113578
113587
114190
114350
114456
114566
114656
115257
115286
115694
116503
116591
116768
117112
117213
117275
117786
118087
118291
118324
118528
118817
118876
118949
118984
119494
119568
119696
121192
121412
121525
121778
121989
122099
122552
122607
122795
122910
123447
124603
124739
125014
125206
125243
125313
125791
126039
126195
126619
126629
126975
127079
127282
127338
127350
128092
128294
128331
128517
128518
129059
129256
129941
130593
130705
131223
131493
131537
131896
132233
132271
132361
132702
133161
133528
133686
135028
135110
136010
136159
136339
136632
136827
138680
138720
140037
140521
141017
141293
141691
142073
142114
142241
142445
142465
142467
142489
142580
143270
143293
143461
143744
144104
144668
144757
145135
145737
145936
146476
147215
147284
147291
147588
148075
148158
148413
148430
148521
148535
148660
148775
148959
148999
149387
149652
150281
150488
150632
152323
152848
154073
154523
154584
155100
155331
155538
155764
157078
157681
158075
158150
158189
158238
158282
158948
159312
159642
159840
159864
159876
159945
160098
160477
160805
160839
161203
161756
163259
163517
165233
165946
166249
166295
167060
167157
167568
167611
167654
167701
167761
168249
168590
169020
169151
169735
169807
169913
170037
170056
170086
170196
170637
170638
170908
170972
171404
171589
171955
172193
172296
172435
172927
172948
173063
174051
174679
174933
174976
176146
176494
176922
176933
177405
177533
177901
178147
178498
178535
178635
178895
179173
179419
179610
179699
179918
180263
180365
180465
180601
180643
180721
180826
180974
180985
181135
182462
183035
183181
184082
184945
185332
185417
185646
186052
186291
186578
186685
186865
187071
187411
188531
188722
188749
189078
189166
189221
189308
189687
190585
190602
190934
192042
192154
192285
192993
193263
193322
193858
193874
194723
194852
195269
195378
196159
196926
197031
197219
197304
197432
197653
198166
198435
198579
198775
198816
198977
199457
200051
200093
200445
200478
200589
200782
200887
201212
201297
202011
202082
202870
202970
203026
203144
204256
204700
204740
204847
205123
205405
205828
206058
206074
206143
206510
208029
208304
208667
209285
210195
210326
210730
211272
211394
211445
211667
211798
212201
212238
213085
213577
213633
213839
214040
214378
214648
214664
214757
215371
215455
215480
216144
216326
216331
216425
216533
216771
217600
217805
218142
218156
218288
219291
219427
219585
220093
220266
220289
220378
220516
220532
220624
220828
220894
221306
221527
221561
222236
222416
222548
222599
222756
223248
223306
223621
223978
224120
224628
225167
225180
225779
225878
226589
227436
227702
227815
227919
228130
228202
228439
228698
228918
229167
229578
229701
229808
229876
231496
231690
232313
232318
233889
234539
235176
236295
236915
237703
237923
238123
238272
238331
238687
238732
238892
238984
239306
239470
239662
239731
240024
240296
240623
241060
241438
241440
241705
242752
242939
243325
243384
243467
243901
244460
244648
244826
245073
245349
245429
246452
246810
246997
247199
247259
247657
247737
248580
249069
250438
250603
251045
251076
251110
251287
251348
251601
251607
252121
252215
252888
253101
253564
253682
253769
253809
254922
255069
255079
255420
255780
255807
256144
257240
257570
258077
259126
259270
259464
259736
260424
260831
261118
262250
263043
263084
263281
263431
264067
264173
264816
264906
264934
265001
265136
265265
265310
265485
265779
266490
266740
266955
267721
267914
267925
267969
268004
268087
268095
268268
268644
269103
269231
269420
269948
270029
270191
270260
270362
270642
271012
271204
271250
271367
271526
271714
272301
272570
272579
272687
272689
272790
273346
274534
274688
275128
275219
275327
275386
276026
276062
276078
276195
276475
276731
276760
277128
277661
277662
278424
278530
279434
279786
280139
280336
280421
280613
280874
280940
281416
281529
281846
282142
282594
283238
283300
283564
283579
284061
284572
284574
284805
284906
285048
285100
286070
286334
286336
286478
286547
286639
287310
287519
287628
287728
287956
288181
288226
289338
289548
289565
289620
290617
291445
291562
292150
292360
292391
292452
293002
294021
294160
294450
294623
294626
295007
295217
295303
295563
295727
295808
296626
297081
297115
297818
298036
298155
298519
298535
298572
299043
299296
299401
299843
300181
300535
300576
300594
300814
301071
301332
301462
301834
302350
302558
302873
303064
303162
303389
303599
303711
303722
303889
303901
304021
304256
304740
305178
305715
305863
306196
306375
306652
306741
307226
308058
308420
309496
309666
309767
309876
309888
310661
310675
310847
311108
311684
311990
312758
312865
313256
313280
313502
313758
313880
314004
314014
314403
314543
314731
314824
314865
314959
315186
315192
315334
315380
315877
316053
316158
316168
316345
316398
316477
316854
317130
317883
317996
319019
319288
319469
319583
320351
320508
321320
321987
322091
322354
322551
322566
322693
323212
323698
323832
324091
324127
324341
324791
324929
324993
325106
325441
325504
325706
326073
326094
326300
327061
327626
327709
327994
328449
329040
329296
329744
330025
330559
330715
331118
331496
331916
332390
332795
332948
334054
334404
334518
334864
335575
336276
336635
336712
337196
337291
337630
338002
338520
339194
339407
339985
340431
340562
340621
341008
341272
341588
341632
341652
342337
342395
342744
342989
343337
343985
344127
344882
345297
346164
346194
346387
347005
347375
348039
348178
348323
349223
349316
350361
350525
351051
351871
352022
352098
352323
352497
352559
353227
353751
353891
353904
354577
354811
355492
355498
355762
355780
355900
356720
357168
357437
358502
358623
358854
359163
359473
359525
359580
359830
360215
360899
361636
362061
362223
362306
362485
363390
364301
364773
365101
365219
365633
366146
366528
366717
368070
368378
368701
369115
369236
369348
369439
369574
369634
370135
370343
370399
370567
370830
371141
371387
371472
371834
372225
372426
372712
372741
373243
373432
373452
373600
373666
373890
374557
374568
374842
374852
374855
375302
375382
375415
376140
376341
376501
376540
377062
377356
377441
377602
377794
377870
378275
378406
378896
379287
379441
379738
379888
381184
381537
381542
382020
382043
382055
382219
382594
382879
382941
382976
383072
383917
383987
384005
384327
384754
385972
386114
386207
386271
386991
387518
387595
388222
388398
388532
388798
389064
389220
389313
389435
389482
389502
389905
389946
390216
390476
390523
390625
391017
391244
391245
391304
391607
391664
392308
392355
392382
392405
392677
392708
393320
393332
394036
394144
394316
394554
394613
395780
396459
397064
397262
399537
400771
400831
400921
400927
401183
401779
401828
401964
402140
402309
402870
402901
403581
403672
404006
404539
404732
405164
405214
405246
405291
405402
405649
405762
405829
406110
406221
406536
406636
407199
407502
407986
408265
408744
408938
409479
409687
410383
410550
410600
411090
411562
411695
411892
412002
412874
413607
414174
414198
414717
415108
415325
416174
416470
416538
416825
416957
417058
417453
417515
417850
417948
418085
418137
418216
418936
419886
420544
420552
420716
420893
421213
421255
421356
422039
422269
422533
422933
423225
423270
423488
424612
424690
424999
425264
426069
426079
426553
426583
427071
427519
427756
427926
428313
429097
429246
429361
430382
430923
431026
432182
433199
433300
433803
433912
434161
434268
434410
434720
434863
435476
436007
436135
436447
436719
437719
438247
438624
439557
439780
440140
440423
440772
441111
441490
441639
441647
441769
441830
442704
442720
442794
443427
444439
444782
444910
445188
445626
445796
446081
446119
446318
446550
446593
446715
446764
447007
448996
449599
450269
451067
451111
451256
451665
451674
451847
451897
451978
452337
452626
453760
454091
454103
454496
454550
454644
454838
455452
455515
455551
455661
455721
456246
457360
457586
458293
458425
458533
458653
458766
459169
459243
459373
459497
459836
459913
459958
460028
460119
460248
460327
460841
461076
461336
462237
462428
462650
463063
463521
464911
465150
465268
465340
466694
466949
467712
468300
468511
468539
468638
469420
469607
469942
470445
470766
470880
471212
471330
471747
471798
471846
471910
472290
472397
473083
473234
473259
473277
473425
473573
473677
473819
474304
474395
475628
476093
476428
476671
476770
476774
477960
478220
478353
478415
479217
479669
479810
479978
480011
480294
480795
481403
481679
481965
482116
482430
483379
483572
483668
483796
483807
483846
484287
484422
484925
485317
485328
485591
485609
485800
485816
486403
486803
486856
487378
487913
487924
488269
489629
489698
489775
490078
490082
490806
491599
492058
492566
493757
494180
494764
494953
495338
495439
495692
495699
495960
496557
496769
497243
497426
497785
498100
498227
498782
499448
499449
500086
500090
500689
500948
501403
501470
501986
502190
502375
502718
502991
503489
503530
503691
504011
504063
504421
504641
504889
504907
505007
505132
505341
505436
505619
506637
507318
507437
507540
507819
507943
508203
508281
508798
509028
509306
509729
509980
510080
510178
510200
510225
510364
510511
510886
511111
511153
511312
511380
511842
512101
512166
512220
513295
513302
513316
513411
513638
513712
513803
513907
514086
514380
514502
514895
515085
515117
515191
515758
516445
516658
516713
516764
516784
517017
517138
517668
517863
519054
519342
520048
520541
520546
520893
521063
521808
522024
522029
522939
523110
523335
523851
524126
525078
525267
525339
526082
526090
526878
527138
527568
527613
527968
528683
529034
529378
529526
529802
530104
530562
530588
530594
530741
530784
530980
531463
531546
531814
531959
532741
532810
532991
533811
533956
534702
535209
535451
535550
535869
535996
537056
537077
537417
537632
537674
538505
538567
538821
538840
538982
539002
539230
539368
539582
539646
540010
540727
540837
541728
541877
542100
542114
542291
542378
542456
542509
542786
543118
543212
543325
543548
543812
543822
544044
544332
544437
544493
545300
545318
545548
545835
545887
546512
546864
546917
547053
548005
548103
548196
548345
549848
550288
550510
550676
551172
551299
551818
552021
552084
552200
552363
552804
553246
554093
554694
555247
555309
555421
555475
555707
555718
556087
557081
557190
557566
557642
557820
558833
558993
559224
559297
559549
560105
560385
560477
560991
561458
561814
561852
561970
562334
562571
562605
562785
562880
562944
562977
562997
563088
563148
563344
563436
563999
564015
564057
564251
564433
564603
564628
564759
564975
565326
565456
565763
565977
566572
566852
566872
566963
566996
567207
567428
568001
568084
568092
568181
569076
569141
569278
569778
570148
570568
570752
571165
571370
571454
571590
571595
571635
572378
572854
573296
574189
574273
574557
575394
575906
576424
577444
577833
578716
579092
579157
579664
579741
580175
580618
580736
580803
580849
581126
581671
582772
583026
583037
583385
583929
584007
584836
585125
585298
586171
586329
586457
586836
587671
588292
588712
589089
589258
589387
589580
589629
589789
590436
590552
590971
591152
591908
592807
592815
592861
593337
593388
594241
594880
595101
595411
596087
596134
596140
596377
596490
596642
596783
596965
597106
597354
597531
598053
598646
598820
599220
599221
599390
599592
599702
599890
600025
600054
600091
600536
600875
600928
602155
602399
602463
602737
603251
603609
603835
604213
604445
604828
604869
605385
606143
606838
607873
607926
608481
608735
608763
608806
609138
609446
609448
609631
610119
610131
610626
610748
610768
611449
611576
611632
