16
139
250
568
985
2305
2463
2941
3051
3654
4004
4045
4122
4176
4247
4495
5291
5585
6015
6255
6402
6600
6814
6835
7214
7396
8329
9078
9088
9220
9346
9422
9452
9746
9771
9794
10661
11212
11407
11447
11711
11923
11932
12006
12042
12294
12775
13122
13423
13815
13960
14027
14137
14733
14936
14997
15292
15645
16020
16847
16921
17554
17923
18331
18515
18534
19058
19078
19742
21499
21654
21864
22021
22084
22115
22184
22377
22877
23744
23962
24337
24343
24396
24694
24871
25111
25310
25331
25462
25995
26557
26583
26675
27039
27264
27631
27716
27722
27951
28281
28367
28463
28584
28617
28832
29759
29762
30005
30176
30489
31160
31357
31939
32448
34108
34410
35227
35321
35350
35582
35676
35790
35825
36154
36607
36684
37256
38558
38788
38800
39072
39174
39378
39459
39765
39784
39822
39831
41222
41310
41406
42436
42969
43099
43458
43715
44088
44212
44385
44510
44556
44667
44922
45345
45904
45977
46330
47297
47737
48900
48978
49011
49121
49648
49685
49900
49942
50438
50912
51087
51333
51359
51765
51825
52006
52098
52501
53222
53351
53747
53896
54099
54223
54701
54821
54901
55461
55552
56117
56311
56625
56817
56820
56823
56942
56989
57003
57596
58282
58471
58570
58630
58955
59298
59638
59683
60014
61054
61605
61910
61935
62062
62494
62578
62682
63052
63777
63782
63877
64612
64765
64827
64855
64956
65656
65908
66430
66558
66612
66724
66949
66971
67474
69023
69603
69660
69706
69745
69924
70586
70599
70907
70967
71077
71534
71700
72079
72313
72576
72616
72777
73023
73087
73227
73284
74210
74555
74707
75042
75113
75369
75677
75879
76145
76206
76439
76545
77402
77496
77514
77559
77705
77763
78015
78132
78272
78544
78648
78752
78869
78912
79037
79155
79274
79622
79649
80113
80292
81162
81996
82168
82307
82855
83047
83048
84244
84460
84778
85466
85488
85593
85667
85959
86064
86259
86448
86749
86768
87090
87185
89570
90275
90318
90735
91112
91320
91361
93030
93379
93955
94101
94183
94588
94592
94846
95576
95819
96296
96578
96697
96732
96894
96903
96978
97046
97142
98996
100948
101430
101516
101730
102391
103914
103972
104317
104385
104997
105226
105253
105363
105383
106225
107421
108535
108841
110059
110264
110356
110369
110523
111014
111450
112096
112116
112596
112647
113099
113287
113634
113821
114002
114030
114601
114741
114748
115205
115464
115493
116111
116202
116830
117276
117458
117573
117642
118194
118360
118370
118500
118819
118996
119172
119539
119635
119834
119892
120228
120498
120543
120921
120970
121815
122493
123148
123369
123593
123710
123960
124256
124480
124610
124750
124773
124883
125253
125707
125866
125919
126577
126997
127060
127517
128452
128734
128765
129090
129535
129867
129990
130062
130256
130418
130620
130704
130823
130904
131681
131836
132095
132135
132498
132538
133335
133953
134391
134501
134641
134785
134801
134909
134990
135124
135388
135562
135754
135763
135960
136208
137290
137299
137303
137552
137683
138241
138266
138393
138564
138699
138781
138956
139583
139965
140010
140071
140520
140579
141657
141687
142370
142568
142746
142980
143294
144284
144610
145449
145470
146077
146482
146514
147322
147710
148466
148647
148663
148762
148916
149369
149420
150869
151679
152398
152771
152833
154019
154047
154123
155116
155801
155804
156274
156694
156744
156789
158128
158195
158724
159743
159907
160578
161061
161298
161405
161445
161830
161860
162396
162876
163327
163514
164175
164203
164214
164306
164783
165114
165123
165231
165551
165825
166412
166935
167451
167893
167930
168426
168548
168952
169588
169930
170008
170865
171013
171167
171237
171524
171577
171598
171620
172755
173542
173738
173906
174067
174333
174439
174442
174803
176314
176459
176778
177402
177649
178451
179314
180038
180555
181311
181418
181684
181747
182031
182574
182613
182677
182861
183251
183418
184045
185318
185863
185936
187355
187610
188501
189163
189708
189709
190015
191352
192075
192478
192709
192882
192891
194361
194363
194532
194578
194706
195215
196439
196523
196717
196835
196927
197887
198208
198478
198526
198983
199149
199262
199684
199771
200580
200757
201263
202373
202659
202747
202955
203107
203662
203710
204205
204427
204447
204610
204912
205482
205539
205708
206062
206187
206324
206356
206689
207279
207737
207798
207870
207996
208076
208250
208285
208508
208590
209089
209253
209290
209621
210970
210995
212114
213111
213510
213739
213776
214104
214658
214976
215691
215698
215803
215879
216002
216421
216461
216647
216739
216781
217420
217678
217848
218275
219052
219263
219390
219499
219543
219776
219794
220311
220340
221203
222261
222419
222650
223276
224451
224475
224483
224916
225104
225295
225329
225618
226082
226106
226172
226315
226586
226771
226784
226868
227534
227680
227708
228272
228290
228396
229014
229051
230042
230457
231008
231013
231553
232009
232314
233626
233770
234221
234228
234504
234707
234824
235098
235130
235288
236392
237942
238176
238426
238806
238851
238965
239107
239363
239516
239656
239841
239948
240238
240606
240717
240833
240837
240905
240986
241179
241192
241215
241391
241802
242357
242555
242581
242751
242783
242870
243623
243715
243750
243788
244072
244269
244319
244376
244467
244528
244538
245071
246050
246322
246426
246482
246712
246904
247114
248305
248958
249048
249209
249310
249432
249598
249727
249758
249908
250623
250725
251000
251085
251170
251403
251499
251701
251910
251963
252010
252101
252341
252761
253336
254113
254378
255043
255866
256743
257004
257549
257622
257696
257852
258445
259180
259282
259445
259685
260044
260196
260280
260465
260965
261141
261230
261263
261416
261436
261527
262018
262158
262219
262468
262530
262660
263009
263048
263110
263155
263177
263201
263580
263610
263795
263964
264071
264204
265006
265261
265339
266459
267147
267192
267375
267539
267598
267790
267842
268544
268907
270146
270235
270335
270490
270501
270980
271512
272246
272350
273168
273650
273968
274084
274408
275084
275445
275658
275726
276767
276811
277069
277389
277794
277800
278022
278130
278297
278842
279226
279442
279580
280501
280573
280667
280858
281543
281868
282191
282593
282780
283620
283880
283902
284167
285231
285324
285465
285603
285843
286678
287018
287255
287396
287524
288121
288379
288831
288977
289047
289159
289270
289597
289619
289943
290113
290327
291065
291433
291496
291975
292243
292533
292831
292880
293124
293376
293537
293685
293749
294112
294238
294300
294370
294916
295359
295491
295642
296866
297330
297570
298152
298622
298722
298780
299089
299170
299440
300137
300678
302184
302928
303266
303541
303735
303995
304060
304516
304728
304761
304836
304889
304909
305620
305718
306097
306242
306469
306479
306898
307333
307558
307936
309418
309511
309970
310077
310118
310513
310666
311169
311324
311496
311757
311891
312253
312278
312910
312928
313096
313518
313544
313571
313668
314085
314363
314367
315100
315143
315285
315811
315826
316592
316757
316882
317119
317717
317947
318560
318573
318601
318833
319190
319207
319601
319808
320194
320228
320803
320904
321367
321759
321931
322237
322464
322719
323038
323834
323913
324104
324262
324295
324540
324910
324915
324943
324972
325239
325301
325380
325696
326890
327136
327233
327383
327587
327758
327803
327806
327873
328750
328777
328919
329890
330094
330647
330688
331010
331175
331337
331727
332085
332115
332246
332272
332318
332445
332596
332663
332721
332746
333145
333261
334185
334827
335137
335796
335943
336353
337351
337704
337763
337880
337906
338257
338574
339170
339174
339361
339406
339503
340044
340189
340230
340273
341223
341664
341771
342447
342501
342637
342884
343647
344125
344542
344580
345015
345131
345247
345360
345415
346174
346227
348346
348348
348409
348893
349437
349747
350180
350851
351046
351502
351680
351952
351997
352166
352371
353329
353476
353521
353574
353584
353664
353757
354005
354184
354298
354937
354947
354987
355196
356121
356667
357234
357787
358016
358120
358551
358702
358961
359424
359612
359615
359772
360142
360335
360901
361818
362351
362457
362561
362665
362993
363289
363392
363489
363619
363717
364156
364948
364974
365252
365980
367061
367375
367973
368884
369006
369180
369538
369868
370129
370176
370314
370326
370610
370659
370864
371189
371403
371606
371895
372075
372246
372441
372523
372560
372854
373111
373806
373888
374060
374407
374549
374673
375002
376422
376667
376936
377308
377410
377864
377905
378063
378073
379303
379534
380227
380274
380400
380518
380845
381186
381211
381267
381408
381697
381995
382118
383346
383668
384102
384112
384710
384827
384968
384999
385163
385504
385651
385977
386289
387374
387552
388007
388123
388226
388434
388744
388981
389001
389034
389467
389594
389624
389727
389754
389881
391082
391131
391177
391192
391225
391279
391731
392156
392530
393683
393896
395772
395860
396376
396841
397026
397171
397216
397330
397522
397714
397738
398016
398091
399178
399554
399644
400102
400150
400441
400452
400690
401738
402053
402063
402099
402719
402865
402910
402911
403006
403017
403266
403724
404320
404397
404531
404908
405622
405898
406522
407531
407761
407886
408332
408840
409182
409272
409443
410262
410500
410524
411444
412418
412623
412795
412984
413011
413285
414076
414267
414301
414386
414450
414680
414946
415221
415565
415849
416383
416473
416655
416709
417100
417209
417611
417733
418050
418211
418502
418667
419301
419960
420513
420800
421817
421855
421980
422551
422789
422939
424110
424494
424540
425803
426104
426746
426860
426998
427266
429736
429778
429980
430452
430743
430936
430974
431065
431821
432657
432939
433168
433368
433942
434024
434384
434592
435092
435259
435277
436190
436510
437053
437103
437434
437720
437727
438045
438425
438935
439145
440245
440344
440450
440927
441138
441156
441254
441958
442906
443441
443476
443798
443865
444227
444378
444420
444844
445169
445298
445319
445580
446524
446805
447220
447710
447758
447918
448212
448242
448467
448492
448736
448983
449231
449268
449454
449527
449668
450340
451070
451395
451768
453098
453362
454272
454421
454693
454857
454979
455385
455569
455608
455872
456171
456317
456987
457602
457777
457839
459108
459384
459747
459796
459814
459857
460039
460320
460685
460885
460973
461298
462067
462068
462096
462150
462875
462934
463186
463264
463273
463445
463801
464989
465017
465135
465517
466098
466358
466479
466669
466989
467039
467076
467150
467534
467752
467795
468194
468268
468393
468565
468793
468945
469148
469172
469251
469596
469881
470607
470704
470786
471151
471383
471462
471744
472377
472646
472886
473341
473370
473567
473592
474401
475072
475961
476051
476476
477597
477603
477766
478027
478362
478459
478599
479670
479726
480035
480169
480207
480271
480353
481047
481083
481230
481440
481655
482179
482377
483347
483487
484513
484594
484947
484973
485081
485254
485759
485795
485803
485930
486985
487350
487564
488100
488453
488649
488857
488870
489131
489270
489311
489685
490257
490480
490690
491127
491262
491800
492068
492951
493219
493880
494266
494301
494480
494511
494963
495095
495419
495727
495913
495981
496085
496204
496558
496596
496662
496709
496908
496912
496946
497393
497698
497902
498155
498346
498553
498847
499171
499471
499623
499643
499705
500388
500893
500935
501083
501098
501102
501660
501669
501752
502050
502466
502575
502793
502966
503096
503506
503812
504873
505586
506289
507726
507755
508114
508213
508276
508557
508691
508851
508968
509259
509325
509504
509575
509715
509986
510135
510221
510605
510662
511078
511115
511126
511178
511238
511574
511765
511834
511973
512168
512458
513160
513624
513697
513790
513986
514029
514070
514680
515093
515789
515881
516094
516389
517005
517358
517656
517753
518281
518959
519574
519709
519923
520759
520998
521423
521991
522087
522229
522509
522887
523118
523205
523208
523549
523602
523694
524186
524392
525525
525616
525641
525644
525755
525918
526071
526183
526226
527001
527122
527354
527626
527748
527906
528132
528402
528722
528845
529358
529504
529708
530544
531252
531438
532090
532948
533334
533799
534023
534063
534298
534333
534488
534586
535234
535413
535477
535566
535879
535895
536419
536445
536446
536522
536992
537070
537445
537514
537975
538229
538251
538622
538630
538929
538930
539345
539750
539969
540316
541602
541781
541847
541915
542304
542402
542608
544013
545131
545406
545729
546572
547348
547404
547524
547918
548211
548759
549013
549051
549573
549846
550192
550228
550529
550751
551178
551425
551605
552596
552976
553422
553436
554090
554169
554318
555147
556686
556697
556928
557004
557299
557456
557695
557798
557914
558058
558159
558169
558263
558675
558692
559247
559498
559806
561093
561659
561973
562375
562432
562920
562924
563875
564131
564176
564313
564491
564635
565120
565412
566508
566879
567098
567246
567480
567722
568149
568160
568317
568801
568897
569187
569192
569620
569649
570080
571160
571378
571439
571636
572549
573767
574696
574814
575581
575938
576064
576235
577002
577083
577637
578023
578416
578735
579110
579135
579428
579624
580048
580465
581637
581673
582421
582437
582745
583198
583268
583530
583636
583895
584079
584179
584565
584657
585011
585384
585600
585840
586598
587550
587605
587858
589507
589619
590072
590078
590179
590354
590532
590771
591360
591541
591780
592008
592038
592127
592180
592495
592526
593159
593221
593389
593753
593814
594157
594331
594621
594706
594801
595061
595444
595473
595670
595733
595744
596460
596551
596802
597143
598857
599499
599591
599830
599885
599972
600708
600789
601163
601199
601511
601619
601706
601715
601801
601895
603919
603936
604245
604470
604576
604952
605501
606093
606312
606603
606691
607254
607768
607832
608356
608621
608689
608764
609032
610322
610737
610824
610979
610997
611262
611421
611431
611801
611888
612148
612351
612369
